1 Levrek 600 300 70 120
2 Haslanmis_Sebze 1010 200 30 40
3 Bezelye_Puresi 1350 400 25 50
4 Sogan 2000 200 20 30
5 Biber 2000 300 20 30
6 Barbun 600 300 80 150
7 Ispanak_Püresi 1050 400 35 45
8 Somon 1000 300 65 130
9 Hamsi 1000 300 70 100
10 Mezgit 1000 300 80 160
11 Ahtapot 2000 500 100 200
12 Karides 1000 200 20 60
13 Kalamar 1000 300 60 70
14 Uskumru 1000 300 50 60
15 Istavrit 1000 300 50 70
16 Lufer 1000 200 40 60
17 Midye 1000 300 20 50
18 Yumurta 3000 250 25 20
19 Yag 2000 300 50 150
20 Seker 1000 200 60 130
21 Un 1000 300 50 100
22 Marul 1000 200 30 20
23 Domates 1000 200 30 20
24 Mısır 1000 200 30 20
25 Mısır_Unu 1000 300 40 30
26 Irmik 1000 200 50 40
27 Ceviz 1000 100 40 70
